[fiducial0]
x=0
y=0
z=0
[fiducial1]
x=104.775
y=-2.23216
z=7.52669
[fiducial2]
x=29.7344
y=144.631
z=0
[fiducial3]
x=149.886
y=98.3634
z=39.5365
[fiducial4]
x=645.57
y=-125.421
z=19.7332
[fiducial5]
x=688.56
y=0
z=0
[geometry]
count=6
id=31000
