[fiducial0]
x=0
y=0
z=0
[fiducial1]
x=17.9165
y=113.248
z=0
[fiducial2]
x=133.709
y=-3.06061
z=7.82627
[fiducial3]
x=113.296
y=140.387
z=36.8254
[fiducial4]
x=671.198
y=0
z=0
[geometry]
count=5
id=303060
